QN 00001 
QU What are the effects of calcium on the physical properties of mucus
   from CF patients? 
NR 00034
RD  139 1222  151 2211  166 0001  311 0001  370 1010  392 0001  439 0001
    440 0011  441 2122  454 0100  461 1121  502 0002  503 1000  505 0001
    520 1010  522 0001  526 1011  527 1001  533 2222  593 1000  619 0001
    737 0100  742 0100  789 0001  827 0010  835 0001  861 0001  875 1121
    891 0001  921 1010  922 1010 1175 0100 1185 0001 1222 0001
 
QN 00002 
QU Can one distinguish between the effects of mucus hypersecretion and
   infection on the submucosal glands of the respiratory tract in CF?
NR 00007
RD  169 1000  434 1001  454 0100  498 1000  499 1000  592 0002  875 1011
 
QN 00003
QU How are salivary glycoproteins from CF patients different from those of
   normal subjects?
NR 00043
RD   23 1000   40 0010  139 2122  190 0001  221 0001  246 0001  309 1000
    311 0011  325 0001  345 0010  347 0010  356 0010  370 1001  374 0001
    375 2221  439 0001  440 1120  454 1220  515 1000  520 0010  524 0010
    526 1010  527 1220  533 0001  535 0010  560 0010  561 0001  571 0010
    584 0010  604 0002  623 0010  633 2222  733 1000  742 1010  854 0100
    856 2112  950 0010  967 0001 1144 1111 1161 0001 1172 1000 1175 0001
   1196 0002
   
QN 00004
QU What is the lipid composition of CF respiratory secretions?
NR 00009
RD  503 0001  538 0100  539 0100  540 0100  553 0001  604 2222  669 1010
    711 2122  876 2222
 
QN 00005
QU Is CF mucus abnormal?
NR 00131
RD   23 2220   47 2221   50 0001   60 0001  114 0011  132 0001  135 0001
    139 0010  151 2222  169 0001  189 0001  190 0001  197 0001  200 0001
    226 0001  256 2211  265 0010  297 0001  298 0001  299 0001  311 0001
    312 0001  325 1011  333 0001  343 0002  347 0012  349 0001  369 0001
    370 1211  371 0001  374 2222  386 1001  392 0001  410 0001  420 0001
    427 0001  428 0001  430 1001  434 0001  437 0001  439 2222  440 0010
    441 0001  450 0001  461 2120  465 1002  478 0001  496 2120  497 2121
    498 1122  499 2122  500 1012  501 0100  502 0100  503 2221  505 0001
    511 1101  513 0010  516 1010  520 1000  524 1010  531 0001  533 2211
    549 0001  553 1001  559 0001  561 0010  568 0001  590 0001  592 1001
    593 2222  604 0002  605 0100  633 2122  669 0010  701 0001  702 1000
    710 2212  711 0002  722 0001  724 0002  729 0001  731 0002  733 0002
    750 0100  761 0001  763 0001  772 0100  779 0001  788 0001  805 2211
    843 0002  845 0001  856 2121  857 1000  861 1212  864 0001  867 0101
    875 2222  876 0002  888 0002  889 0002  895 2210  925 0001  935 0001
    943 0001  944 0001  975 2112  980 2120  982 0002  990 0002 1000 0002
   1019 0001 1038 0001 1040 0001 1064 2220 1076 0001 1080 0001 1088 0001
   1091 0001 1092 0002 1093 0002 1098 0001 1144 2111 1156 0001 1175 1120
   1185 0001 1188 0001 1196 1000 1223 0001 1226 0001
 
QN 00006 
QU What is the effect of water or other therapeutic agents on the physical
   properties (viscosity, elasticity) of sputum or bronchial secretions
   from CF patients?
NR 00024
RD   25 0010   31 2222   90 1000  195 0100  326 0001  370 0110  438 0001
    440 0010  441 1000  503 1220  511 0010  586 0001  592 1010  593 1000
    722 0001  731 0001  734 0002  805 1000  875 1120  922 0010  963 1000
    975 1010 1092 0001 1093 0002
 
QN 00007
QU Are mucus glycoproteins degraded differently in CF patients as compared
   to those from normal subjects?
NR 00028
RD   45 0100   53 0001  166 0002  171 0001  256 0101  370 0001  371 2122
    386 0001  410 0100  439 0101  535 0001  623 2121  633 0100  634 0100
    640 0010  669 0010  831 0100  853 0100  856 2111  857 0100  921 0010
   1027 0100 1054 1100 1056 0100 1057 0100 1059 0100 1064 1120 1161 0001
 
QN 00008
QU What histochemical differences have been described between normal and
   CF respiratory epithelia?
NR 00022
RD   23 2112  169 1000  322 0100  370 1000  386 1000  435 0001  439 1100
    463 0001  496 1000  497 0001  498 1000  499 1122  503 0001  605 0001
    683 2220  710 1000  750 0010  771 1000  867 1000  875 0001  944 0001
   1125 2220
 
QN 00009
QU What is the association between liver disease (cirrhosis) and vitamin A
   metabolism in CF?
NR 00010
RD  165 1122  174 0001  362 0001  370 0001  414 2222  443 0100  794 2110
    992 1010 1040 0001 1115 0102
 
QN 00010
QU What is the role of Vitamin E in the therapy of patients with CF?
NR 00025
RD   30 2112  126 1001  157 2222  170 1112  296 1212  301 0001  322 0001
    370 1100  413 2222  443 1120  581 2222  676 2122  715 0010  722 0001
    728 1101  758 1000  782 1010  835 0010  878 2122  941 1000 1115 1222
   1215 0010 1218 2122 1234 0001 1239 1101
 
QN 00011 
QU What is the difference between meconium ileus and meconium plug
   syndrome?
NR 00022
RD   36 0001   46 0001   96 2210  186 1000  301 1000  428 1002  518 2110
    649 0010  652 0001  659 0010  772 1010  796 2222  798 2212  799 0010
    835 1000  837 0001  908 1000  909 2222  991 2222 1119 0100 1178 1000
   1226 0002
 
QN 00012 
QU What abnormalities of amino acid transport have been described in the
   small bowel of CF patients?
NR 00007
RD   70 2212  181 0001  443 2120  466 2220  755 0010  918 1000 1115 0001
 
QN 00013 
QU What are the clinical or biochemical features of pancreatitis in CF
   patients?
NR 00024
RD  156 2112  301 1112  314 2222  322 1220  370 0100  443 1120  462 1010
    522 0100  643 1000  695 1220  715 0010  719 0010  722 0001  763 0101
    764 0001  791 2211  822 0001  900 0100  902 1101  978 1000 1017 0010
   1033 0001 1097 0001 1124 0002
 
QN 00014 
QU What non-invasive tests can be performed for the evaluation of exocrine
   pancreatic function in patients with CF?
NR 00055
RD    5 1100   89 0100   92 0001  131 2212  135 0001  150 2222  156 1000
    203 0010  232 0010  233 1122  234 1121  291 0001  297 0001  314 1000
    319 0010  344 2112  345 2210  356 0001  367 2210  370 1110  379 0001
    405 2112  413 0001  417 1211  419 0002  421 0001  424 0001  462 2212
    465 1102  492 1000  584 1001  602 1011  616 2120  635 2122  662 0100
    695 0010  719 0011  777 1012  791 2122  809 0010  815 2222  852 2222
    889 0001  899 2222  930 0002  941 1011 1000 0001 1008 2220 1013 0011
   1100 2222 1117 2220 1124 2122 1135 1002 1206 1000 1234 1001
 
QN 00015 
QU What are the hepatic complications or manifestations of CF?
NR 00104
RD   17 0001   59 2122   63 1000   72 0001   91 0001   95 0001   97 0001
     98 0001   99 2112  135 0001  149 1011  174 2220  197 1001  204 2222
    205 2212  226 0002  232 0100  238 0001  266 2222  297 0001  301 2122
    322 2122  339 2212  350 0001  354 0001  355 2112  364 1112  370 2111
    385 2222  398 0011  408 0100  410 1102  413 0100  414 0100  420 0001
    422 2222  423 2221  424 0010  426 0001  434 0001  443 2222  474 1120
    545 1212  549 2112  550 0001  601 2122  603 0011  611 0001  642 1010
    643 0001  657 0001  673 0001  690 2121  700 2212  720 2222  722 1122
    724 0001  725 1010  729 0001  731 0001  735 0001  747 1010  752 2212
    763 1102  764 1001  767 0001  792 0010  794 1000  816 0001  822 0002
    833 0001  837 0001  844 0002  853 1000  854 1101  857 1000  863 1001
    870 2222  875 0001  888 0001  889 0001  900 1001  944 1002  990 0002
    993 1000  994 1221 1000 1002 1013 1001 1016 1001 1027 0010 1033 0001
   1040 0002 1093 0001 1098 0002 1115 0002 1162 0012 1184 2222 1187 0001
   1192 2222 1195 0001 1226 0002 1232 0001 1234 0001 1235 2220
 
QN 00016 
QU What are the gastrointestinal complications of CF after the neonatal
   period (exclude liver disease and meconium ileus)?
NR 00180
RD    5 0001   10 0001   17 0001   36 0010   41 0110   46 1111   69 0002
     72 0001   89 2222   92 0010   95 2222   97 1000   98 1000  126 0001
    129 2120  130 0001  132 0001  134 1000  135 0012  148 0001  150 1000
    168 0001  181 1011  182 2222  186 2122  189 0001  197 1000  202 1000
    205 0001  212 0001  225 0001  226 0002  238 0011  240 2210  255 0001
    288 0001  290 0001  292 0001  297 0001  298 1001  301 2222  314 2120
    320 0001  322 1122  330 0001  331 0001  333 1001  350 0011  357 0001
    359 0012  364 2112  370 2112  376 2220  386 0001  396 2222  398 1010
    413 0001  421 1000  424 1012  428 1002  434 0010  443 2222  462 0010
    466 1222  468 2121  472 0010  473 0001  475 2122  478 0011  489 0001
    490 0001  510 0001  512 0010  518 1011  522 2110  550 0012  553 0001
    559 0001  581 0001  582 1010  586 0001  594 2220  615 0001  616 0001
    641 1012  642 1102  643 0011  649 2122  656 0001  657 1001  658 1001
    659 2122  660 1001  662 1001  673 0001  676 0002  708 1000  709 1000
    711 0001  715 0001  719 1001  722 1122  723 0001  724 0001  725 0001
    727 1222  729 0001  730 0001  731 0002  735 0001  755 1011  756 1111
    758 0001  762 0010  763 1102  764 0002  767 0001  770 1100  772 2122
    783 1000  791 1001  797 0001  799 2222  809 1000  810 0001  816 0011
    822 0002  834 2222  835 0001  837 0001  844 0002  867 0010  870 0001
    872 2210  875 0001  882 0002  888 0002  889 0002  893 0001  896 1000
    901 2210  902 1010  919 0001  928 1000  932 0001  935 1111  937 1001
    938 0001  941 0001  943 0011  944 1001  970 0010  974 0010  984 1010
    990 0001  991 1000  993 1122  994 0010 1000 1002 1002 1010 1016 1011
   1017 2211 1023 0002 1033 0001 1037 0001 1051 1000 1066 0001 1076 0001
   1080 0002 1098 0002 1101 0002 1115 0002 1135 0001 1154 1012 1158 0001
   1189 0001 1192 1111 1226 1220 1232 0001 1234 1001
 
QN 00017 
QU What is the most effective regimen for the use of pancreatic enzyme
   supplements in the treatment of CF patients?
NR 00055
RD   49 2122   89 2120  101 0010  128 0001  132 0001  135 0001  153 0002
    189 0001  233 0010  238 0001  297 0001  298 0001  301 0002  330 0001
    333 0001  357 1111  359 1102  370 0111  428 1002  443 1100  450 0010
    506 0010  643 0011  660 0010  662 2120  688 2221  722 0001  729 0001
    730 0011  731 0002  735 0002  791 1122  810 2112  816 0012  837 0001
    839 0001  845 0001  882 0002  889 0002  897 1000  937 0001  938 0001
    941 1001  944 1001 1000 0001 1023 0001 1040 0001 1069 0001 1080 0001
   1088 0002 1101 2221 1103 1120 1115 0001 1187 0001 1234 0001
 
QN 00018 
QU Is dietary supplementation with bile salts of therapeutic benefit to CF
   patients?
NR 00021
RD  129 2122  153 0001  205 2120  226 0002  364 0100  370 1010  414 0002
    424 1110  443 0010  642 1000  656 1001  657 1010  658 1010  660 1010
    725 1110  816 1000  935 1010  993 1110  994 1000 1016 2110 1162 1100
   
QN 00019 
QU What complications of pancreatic enzyme therapy have been reported in
   CF patients?
NR 00022
RD   21 2220   49 0001  359 1011  370 1100  398 0001  432 2121  455 0010
    487 2222  506 2222  618 2222  626 2222  672 2212  688 2222  693 2222
    897 2222  936 0010  944 0001 1000 0001 1049 2221 1103 2222 1129 0001
   1205 0001
 
QN 00020 
QU What is the effect of treatment of CF patients with essential fatty
   acid supplements?
NR 00046
RD  126 2112  133 0002  153 0002  181 0010  207 2122  208 2122  220 2221
    278 2111  283 1100  286 2111  287 2111  288 1100  290 2111  292 2111
    370 0110  443 0010  538 2122  539 2111  540 2222  544 2111  604 0100
    643 0001  711 1210  715 1011  731 0001  758 2222  767 0100  791 0001
    823 2222  824 1001  882 0002  919 1000  924 2222  928 1000  944 0001
    962 2222  970 1001 1066 2222 1080 0010 1115 2222 1168 2222 1189 0001
   1213 2222 1215 2222 1234 1001 1239 1120
 
QN 00021 
QU Does pancreatic insufficiency in CF patients affect their ability to
   absorb or metabolize iron?
NR 00025
RD   68 2112   97 0002   98 0012  181 0001  251 2112  413 0001  416 0001
    434 0001  443 0002  551 0100  615 0001  676 0001  708 2122  709 2222
    719 1100  722 0001  751 0001  756 0010  757 0100  932 0001  941 1101
   1098 0002 1115 1122 1158 2221 1189 0001
 
QN 00022 
QU What is the frequency of CF in non-Caucasian populations?
NR 00070
RD   13 2222   39 0012   67 0001   69 0001  104 0001  130 2222  189 0001
    197 0001  221 0001  226 0001  237 0101  247 0010  258 2221  262 2112
    276 2222  322 0001  325 0001  333 0001  342 0110  343 0101  350 0100
    365 0001  370 1012  392 0001  431 1121  464 0001  465 0001  473 1121
    478 1121  503 1101  510 0101  512 0110  514 1001  586 0001  590 0011
    654 0101  671 1101  682 0001  692 2222  704 2111  713 0001  729 0001
    731 0002  735 0001  764 1212  774 0101  788 1011  843 0102  845 0002
    871 1001  880 1012  881 0102  882 0002  888 0002  898 2212  908 1111
    942 0001  946 0001  968 0100 1000 0002 1033 0001 1040 0001 1083 1122
   1093 0001 1114 1002 1144 0100 1156 1111 1166 0110 1194 1121 1195 0001
 
QN 00023 
QU What congenital or hereditary diseases or conditions have been found in
   association with CF?
NR 00035
RD    9 2221   10 2122   11 1100   12 2212   34 2222   42 2222   99 1112
    162 1000  163 0001  167 1000  198 1000  248 1000  285 0010  322 0101
    350 1001  370 1002  426 2122  434 1212  464 1000  509 2222  541 2222
    582 0002  583 1000  598 0002  716 1002  780 1000  859 2120  883 0001
    888 1002  979 2222  984 0002 1096 0011 1114 2222 1156 0010 1163 1000
 
QN 00024 
QU What are the characteristics of patients in whom CF is incompletely
   manifested?
NR 00031
RD   32 1100   72 0001  199 0001  207 0001  210 2220  240 0001  254 2111
    331 0001  370 1000  377 0001  411 0001  477 0001  492 0001  522 0001
    552 0002  559 0010  611 1001  647 2222  677 0001  724 0002  763 0001
    858 0001  913 2222  915 2211  926 2121  934 0001 1000 0001 1031 1011
   1109 2222 1195 1121 1232 0001
 
QN 00025 
QU What evidence is there that the genetic basis for CF involves more than
   one gene?
NR 00051
RD   72 2112   74 2110   83 0111   84 0011  106 1012  112 0001  120 0102
    141 0001  162 1001  172 0001  198 1012  221 0001  276 0001  370 1010
    390 0010  392 0001  411 2111  415 1000  425 0001  431 2222  432 0002
    464 0010  465 1102  503 1121  505 0001  530 0001  550 0001  559 0001
    566 1000  568 1000  569 1011  622 0001  647 2122  855 0001  858 2111
    875 0001  880 0002  881 1002  891 0001  913 2222  915 0001  926 2121
    949 0001  977 1000 1027 0001 1031 1000 1083 0001 1156 0110 1194 1121
   1195 1112 1210 0001
 
QN 00026 
QU What is the heterozygote advantage in CF?
NR 00033
RD   74 0110  104 2212  199 2222  221 0001  281 2222  285 2112  328 2111
    333 0001  342 2110  343 1100  370 0010  392 0001  431 2222  434 0001
    442 0002  465 0001  485 0010  488 0010  490 0001  610 2122  617 2222
    665 1112  713 0010  774 0101  807 1122  855 0010  881 0102  942 1101
   1061 2222 1144 2222 1166 2211 1194 1121 1195 0001
 
QN 00027 
QU What is the concordance of clinical or biochemical manifestations of CF
   in sibling pairs (both of whom have CF)?
NR 00011
RD   98 1102  179 0001  599 2222  756 0002  858 0001  905 2122  912 0001
    913 1001 1000 0100 1083 0100 1096 0002
 
QN 00028 
QU What is the incidence of male fertility in CF?
NR 00051
RD  134 0001  135 0102  136 0001  215 1112  274 1000  300 0002  322 0002
    331 0001  333 0001  343 0001  351 2112  352 2112  370 1112  392 0001
    398 0001  465 0001  467 0001  477 2121  510 0001  550 0001  559 0001
    586 0001  611 0001  665 0001  722 1012  724 0102  729 0001  735 0001
    759 2111  763 0102  822 1212  832 0001  837 0001  875 0001  882 0002
    913 0001  937 0001  942 0101  944 0001  969 0001  990 0002 1000 1102
   1033 0102 1040 0102 1083 1112 1093 0102 1187 0001 1192 0102 1222 0001
   1226 0001 1234 0102
  
QN 00029 
QU What is the pathology of the reproductive system (male or female) in
   CF?
NR 00044
RD   15 1012  100 0001  215 2122  274 2222  300 2212  322 2222  333 0101
    343 0001  350 0110  351 2122  352 2122  353 2220  370 1112  385 0001
    392 0001  434 0001  442 0001  477 1120  510 0001  553 0001  687 0010
    714 1002  722 1012  724 0102  729 0001  759 2212  763 1102  764 1000
    788 1000  822 0102  832 1222  837 0001  875 0001  937 0001  942 0101
    944 1102 1000 0001 1033 0100 1040 0101 1083 0002 1093 0100 1184 0100
   1192 1122 1234 0102
 
QN 00030 
QU What are the results of genetic counseling of families of children with
   CF?
NR 00017
RD  117 0002  328 0101  332 0001  433 2122  492 0001  557 0002  586 2112
    687 0010  775 0001  880 2112  881 0001  911 2212  942 1010 1001 0011
   1084 0100 1224 1212 1234 0001
   
QN 00031 
QU What are the major psychological or social effects of CF on patients
   and their families?
NR 00058
RD   43 2222   69 0001  127 1112  128 1000  136 1101  145 0002  168 0101
    189 1112  213 0001  226 1122  239 2222  272 0100  330 1111  331 1001
    332 2222  359 0100  370 1111  389 1000  433 2222  448 2122  467 2222
    512 0100  550 0001  551 0101  557 2222  586 2222  620 1001  628 0111
    651 2221  701 1100  722 1001  724 1000  729 0101  735 0100  760 2222
    762 1000  764 1000  839 1212  845 2222  882 1112  937 0101  938 1212
    940 0101  942 1012  944 0001  999 2222 1000 0101 1020 2122 1022 1222
   1036 2112 1040 1102 1084 2222 1093 0002 1187 0101 1224 1120 1232 0001
   1233 2222 1234 0102
    
QN 00032 
QU What factors influence compliance with prescribed therapy in CF
   patients?
NR 00030
RD   43 1000  127 0001  128 1000  181 0001  184 2222  189 0002  212 0011
    226 0001  239 0011  315 1000  330 0001  331 0001  370 1000  389 1112
    433 1121  467 1000  473 0001  489 1000  506 0010  586 1011  722 1122
    735 0001  764 0001  882 0001  937 0001  999 1000 1040 0101 1093 0001
   1220 0001 1234 1100
    
QN 00033 
QU What conditions or factors lead to erroneous sweat tests?
NR 00057
RD   37 0101   65 0001   91 2222   94 2220   96 0001  210 2220  225 0012
    297 0001  359 1011  370 1212  403 2212  404 0002  413 0002  465 2222
    515 0001  612 2222  637 2220  638 2220  663 0001  719 0001  721 2222
    731 0001  763 1001  764 0002  773 0001  793 0010  795 1000  797 2210
    811 2222  818 2220  822 0001  825 2222  846 0001  882 0001  888 1002
    889 0002  916 2222  920 2212  927 2121  978 2110  981 1000  995 1121
    996 2222 1000 0100 1023 0001 1052 2222 1072 0001 1098 0001 1105 2222
   1113 2222 1122 1112 1123 0112 1183 1122 1186 1222 1189 0011 1215 0010
   1234 1222
 
QN 00034 
QU What alternative techniques other than the classical Gibson-Cooke
   quantitative pilocarpine iontophoresis test (with titrimetric analysis
   of chloride) are available for sweat testing; what are their relative
   advantages and disadvantages?
NR 00039
RD   37 2222   65 2212   76 0011   77 0100   94 0002  135 0001  225 0002
    235 0010  236 0010  247 0010  261 2122  277 0010  297 0001  359 0010
    403 2221  404 2222  465 2222  471 2221  552 0001  627 0001  637 2222
    638 2222  721 2222  773 2211  795 2222  817 2222  818 0001  825 0100
    846 2222  916 2221  933 0001  941 0100  944 0001  995 2222 1000 0100
   1023 0001 1052 0101 1186 0001 1234 0001
 
QN 00035   
QU Has any CF patient been found to have consistently normal sweat tests? 
NR 00014
RD   32 1000  120 0100  210 2222  811 1120  825 0100  888 0001  913 2110
    915 2120  920 0100  926 0010  948 0010 1105 0001 1109 2222 1119 0001
 
QN 00036 
QU What is the concentration of potassium in sweat from CF patients?
NR 00009
RD   66 1000  325 0001  370 0002  403 1100  612 2120  721 1000  722 2220
    724 0001 1052 2220
 
QN 00037 
QU What techniques are available for screening of newborn infants for CF,
   and what factors contribute to erroneous results of these tests?
NR 00098
RD    3 2112    4 1000   28 2120   33 2222   35 2122   38 2222   65 1001
     71 1111   76 1002  116 0001  119 0001  120 1222  131 2222  148 0001
    150 0001  158 2222  175 2222  203 2122  220 0001  225 2222  231 0012
    233 0010  234 2222  238 0011  247 2112  280 1212  291 0001  294 1000
    318 2222  319 2111  333 1012  334 1001  342 0001  345 0001  370 0012
    378 2122  379 2222  380 2222  392 0001  403 0001  428 1001  433 1000
    443 0001  465 2222  470 2121  476 1122  482 2222  483 2222  491 2222
    492 2222  510 0001  512 0001  514 0001  596 0001  600 2222  627 1112
    671 0001  697 2222  711 0010  712 2122  717 2222  721 1000  731 0002
    774 1011  776 0001  815 2222  817 2122  818 0001  831 2221  835 2122
    849 2222  866 1012  871 0012  877 2222  888 0001  930 2122  933 1111
    941 1000  942 1211  944 0100  946 2222  991 2212 1008 2222 1011 1011
   1014 2222 1028 2222 1080 0001 1126 2222 1128 1222 1130 0001 1131 1122
   1133 2222 1135 0111 1174 1222 1176 2222 1178 2122 1182 1222 1234 1212
 
QN 00038 
QU Can CF be diagnosed prenatally?
NR 00053
RD   14 2122   76 0001  117 1010  142 0001  252 0100  360 2212  370 0001
    390 2222  392 0001  444 0001  465 1212  503 0001  505 0010  510 0001
    572 0010  573 0010  621 0001  622 0002  627 0001  634 2112  644 1121
    646 1001  666 1010  702 0002  729 0001  776 0001  786 1000  856 0001
    862 0001  866 0100  873 1002  881 1000  882 0002  888 0001  971 1122
    990 0002 1001 1000 1024 1001 1027 1000 1029 1000 1059 1000 1066 0001
   1068 1222 1072 0001 1075 1000 1130 1222 1136 1222 1140 1122 1146 0011
   1148 0011 1160 0011 1230 1000 1234 1210
  
QN 00039 
QU How may heterozygotes for CF be identified?
NR 00162
RD    3 1000   67 0001   74 0001   76 0001   83 2121   84 0001   85 2122
    102 1000  107 0001  108 0002  112 0011  135 0001  143 1000  216 2122
    217 2122  218 2122  219 2122  221 2122  222 2121  225 2222  226 0001
    230 1002  233 0010  235 2122  236 2122  244 0010  248 0010  249 2112
    252 1011  254 1010  263 1011  276 0001  277 2122  289 2112  293 2112
    297 0001  301 0001  304 1122  306 0001  307 1001  308 0002  338 2122
    342 0002  343 0002  356 1101  360 0010  365 0001  366 1000  370 0001
    392 0001  404 0002  407 2122  412 2110  420 2112  433 1002  453 1000
    465 0002  470 2121  488 0011  490 0001  494 0002  503 0001  505 0012
    508 0101  510 1001  529 0012  530 0001  532 0001  534 0011  535 0001
    553 1012  560 2122  563 0002  564 1001  565 0001  566 0001  567 1001
    568 0001  569 0001  570 0011  571 0011  572 0001  573 1011  576 1000
    584 1122  586 0001  608 0011  610 0001  619 2121  621 0001  622 0002
    627 0001  639 2221  645 2111  646 1001  647 0010  652 0001  654 2121
    702 0002  716 0111  729 0001  738 0002  739 0002  740 0002  744 0001
    746 0002  749 0001  776 0001  777 0011  786 0011  845 0001  849 0001
    851 2121  862 0001  869 1002  873 1122  881 1001  882 0002  888 0001
    889 0001  892 0001  902 0001  918 0002  942 0001  944 0001  949 1002
    966 0012  971 2122  990 0002 1001 1001 1026 0001 1027 1001 1029 1001
   1044 0001 1066 0001 1070 0001 1072 0001 1076 0001 1096 0100 1127 1011
   1135 0001 1136 1000 1137 1221 1139 1222 1140 0010 1141 1122 1146 0011
   1148 0011 1160 0010 1161 0001 1185 0001 1194 0001 1209 0001 1210 0001
   1211 1002 1222 0001 1224 0001 1225 1112 1230 1002 1234 1211 1236 0001  
   1238 0002
 
QN 00040 
QU Other than the sweat test, what techniques may be useful (beyond the
   neonatal period) for the diagnosis of CF?
NR 00146
RD    2 0100    3 2122    4 2122    5 0100    9 0001   10 0001   17 0001
     28 2212   32 0001   35 0100   76 0001   77 1122   95 2110  103 0010
    105 0010  108 0010  109 1010  112 0010  115 0010  116 1122  119 1001
    120 0001  132 0001  142 0001  144 0001  150 0102  151 0002  169 1000
    173 0001  189 0001  198 0010  210 0001  225 2122  231 2122  233 2222
    235 0010  236 0010  240 2110  248 1000  249 0010  252 1002  254 1122
    261 0010  263 0001  277 1122  279 0010  289 0010  291 0001  293 0011
    294 1011  297 0001  298 0001  304 0010  308 0010  333 0001  338 0001
    344 0011  345 0001  351 1000  352 1000  370 1001  392 0001  404 2122
    405 2122  407 0010  413 0001  417 0102  420 0012  434 0001  465 2222
    478 0001  479 2111  508 0002  510 0010  515 0001  526 0010  529 0010
    532 0010  535 0001  553 0010  560 1010  571 0010  572 0010  573 1010
    576 1000  583 0001  613 0001  616 0001  619 0010  645 0010  646 0010
    654 0010  673 0001  677 0001  731 0001  735 0001  763 0001  780 0010
    785 2122  786 2122  815 1221  849 0100  851 0001  852 0001  869 1000
    882 0001  888 0100  899 1210  931 0010  941 1111  942 0001  949 1000
    954 0101  956 0100  959 0100 1000 0001 1008 1222 1024 1000 1027 0001
   1029 0001 1052 0011 1080 0101 1100 1212 1105 0002 1109 0010 1117 1212
   1124 2210 1126 0010 1127 0012 1128 0010 1130 0001 1131 0002 1132 0001
   1133 0011 1135 1122 1137 1121 1139 1220 1141 1120 1146 0010 1148 0010
   1160 0011 1161 0010 1192 0001 1193 1121 1230 1120 1234 2222
 
QN 00041 
QU Is Vitamin D metabolism normal in CF patients?
NR 00015
RD   46 0100  296 0100  301 0100  322 0010  370 0100  392 1000  603 2221
    941 0001  998 1010 1106 2222 1107 2222 1108 2222 1115 1122 1184 0010
   1190 2222
   
QN 00042 
QU What abnormalities of insulin secretion or insulin metabolism occur in
   CF patients?
NR 00047
RD    5 0001   46 0100   57 2222   92 2212  135 0001  209 2222  245 1011
    297 0001  301 1112  314 0100  317 2222  322 0001  337 1212  339 0100
    370 0011  416 2212  434 0001  443 2220  489 0001  505 2221  509 1000
    550 0001  585 2222  586 0001  601 0001  695 2222  719 0001  722 0002
    724 0001  731 0001  763 0001  764 0001  770 0001  822 0001  837 0001
    888 0001  931 1011  944 0001 1000 0001 1033 0001 1040 0001 1085 1011
   1093 0001 1187 0001 1192 0001 1232 0001 1234 1001
 
QN 00043 
QU Is salt (sodium and/or chloride) transport/permeability abnormal in CF?
NR 00098
RD    3 0100    4 0100   28 0100   54 1121   65 0100   66 2221   91 0100
     94 0100  119 0012  124 1212  125 2222  135 0001  137 0002  140 2222
    147 0010  172 2222  173 1220  199 0001  221 0001  261 1100  294 0100
    301 0001  302 1100  303 2120  307 0001  308 0100  311 0100  324 0100
    334 0100  361 0100  370 1112  386 1000  392 0011  404 0100  418 2212
    430 0001  440 2222  441 2222  461 1210  471 0001  484 0110  490 0001
    493 0001  504 2222  505 0001  522 0101  526 1100  527 0100  560 0100
    562 0100  563 0001  568 2222  570 0001  571 0001  575 0001  636 1000
    655 0010  693 0001  694 0100  707 0001  714 1100  733 0001  737 0001
    741 0001  758 0001  793 0100  795 0100  817 0100  818 0100  864 0001
    889 0001  891 0011  913 0100  916 0100  918 1011  921 1102  944 0001
    958 1002  960 2222  966 1001  967 1001  975 0002  982 0001  997 0010
   1000 0002 1080 0001 1093 0001 1094 0001 1121 0001 1156 0001 1167 0011
   1172 0011 1184 0010 1185 0001 1199 1002 1200 2211 1209 0001 1216 0010
   
QN 00044 
QU What structural or enzymatic differences are there between fibroblasts
   from CF patients and non-CF patients?
NR 00140
RD   44 2222   45 1000   53 2222   67 1211   72 2112   74 2222   83 1001
     84 1112  106 1001  108 1000  118 1000  121 1000  122 0011  124 2222
    125 0100  135 0001  138 0002  142 0010  143 2212  154 2212  166 1000
    171 2212  172 1000  190 2222  235 2210  236 2211  242 2210  243 2210
    244 2220  257 1001  264 2110  269 2212  276 0001  297 0001  310 0100
    312 2222  325 1111  336 2111  360 1001  370 1000  371 0001  381 0001
    386 2212  390 2212  392 0001  399 1211  409 0001  411 2222  415 2120
    430 1001  435 0001  436 2220  453 2222  465 0001  493 0101  495 2222
    503 0001  504 2222  523 1001  528 2212  538 0001  548 2222  561 2212
    563 0001  566 2222  567 2222  568 2222  569 2220  570 1120  572 1210
    574 2222  575 2222  576 0010  590 0001  608 0001  621 2222  622 2222
    623 2222  624 2212  625 2222  634 2222  636 2222  645 0101  647 1212
    655 2222  666 1211  691 2222  702 2222  737 2222  743 2222  747 0001
    750 2222  765 2222  766 2222  767 0001  786 2222  840 2222  841 1101
    847 2222  850 2222  856 0001  858 2121  862 0001  873 2222  875 0001
    951 2222  953 2222  961 1000  967 2222  971 1221  973 2222 1024 2222
   1029 2222 1030 2222 1053 2222 1054 0001 1055 2222 1057 1012 1059 2222
   1070 0001 1072 1212 1130 0002 1136 0001 1139 0001 1142 1002 1144 0001
   1146 1220 1148 1222 1156 1221 1157 0001 1160 2122 1185 2221 1196 0001
   1201 2222 1202 2222 1210 0001 1212 0001 1222 2222 1230 2211 1231 1101
 
QN 00045 
QU What abnormalities of prostaglandin metabolism have been described in
   CF patients?
NR 00020
RD  278 0100  283 0100  286 0100  287 0101  288 0100  289 1220  290 1110
    292 2210  293 1220  338 1212  538 2210  540 1000  715 0100  758 1010
    803 2212  919 2212  924 2212 1050 0010 1159 2222 1168 0010
 
QN 00046 
QU What are the properties and activity of galactosyltransferase enzymes
   from CF patients?
NR 00018
RD   51 2222   53 2222  370 0010  410 0011  430 0001  500 0100  503 2221
    516 2111  553 1002  568 1000  623 0010  702 2122  737 2222  854 1111
    856 2111  857 0002 1196 0001 1212 1121
   
QN 00047 
QU What differences between normal subjects and CF patients have been
   described in the function or metabolism of hormones?
NR 00060
RD   15 0002   57 1000   92 2220  118 0010  121 0010  125 0001  163 2222
    165 0002  172 0012  183 0010  208 0001  209 2220  245 1000  259 0010
    278 0010  279 0010  283 0010  286 0010  287 0010  295 2211  296 0100
    301 1210  302 0100  317 2220  337 1000  361 1000  370 1000  406 2212
    416 1000  436 0001  505 2221  508 2210  525 0010  585 2220  613 2210
    684 2222  694 2212  695 2210  707 0110  781 0001  862 0010  868 0010
    906 2221  928 0010  931 1000  971 0100  998 1010 1000 1001 1013 1000
   1058 2220 1075 0010 1106 1000 1107 1000 1108 1000 1129 0010 1132 0010
   1165 2222 1192 1000 1194 0010 1206 0010
   
QN 00048 
QU Do fibroblasts from CF patients grow at a normal rate?
NR 00030
RD   44 0110   72 0100   74 0100  124 2220  143 0002  154 2222  190 0010
    257 0011  312 0100  336 2222  386 0100  422 0001  436 2222  453 2222
    493 0101  495 2220  523 2220  548 2220  566 1000  568 2222  576 2222
    691 0001  765 0010  766 0010  786 0010  850 2222  967 0011 1142 2220
   1201 0001 1231 2122
 
QN 00049 
QU Is RNA methylation or polyamine metabolism normal in CF patients?
NR 00036
RD   72 0100   84 0010  138 2222  143 2222  230 2220  313 2222  370 0010
    392 1010  393 2220  430 0010  436 2222  440 1000  465 0001  493 2222
    503 0001  504 1222  505 0001  523 2220  530 0001  553 0010  562 2220
    563 2220  566 1000  568 1212  570 1001  586 0001  608 0001  624 2222
    625 1221  691 2220  726 0100  743 2220  749 0011  953 1222  972 2222
   1198 2222
  
QN 00050 
QU What defects in the synthesis or metabolism of cyclic nucleotides have
   been described in CF patients?
NR 00025
RD   44 0100  259 2222  309 0100  347 0001  435 2222  440 1001  495 2222
    505 0001  543 0100  548 2222  568 1001  570 0001  575 0001  601 0001
    634 0001  829 0001  848 2222  953 1222  961 2222  973 1220 1058 0100
   1156 1121 1157 2222 1159 1121 1160 0001
 
QN 00051 
QU What circulating or secreted "factors" have been described in CF
   patients? ("Factors" are unidentified biologically active molecules
   thought to play some pathogenetic role in cystic fibrosis).
NR 00241
RD    1 0100   11 0100   14 0100   18 1120   19 1210   26 2221   44 1120
     51 0100   55 0100   62 0100   63 0100   66 0001   67 1112   72 1112
     83 0001   84 1112   85 2222  102 1100  107 1102  108 0001  112 2212
    114 2211  122 2222  124 0002  135 0001  137 2221  141 2222  142 2212
    177 0001  190 0001  191 2121  196 0011  200 0001  201 2222  214 2222
    216 0100  217 0100  218 0100  219 0100  221 0100  222 0100  225 2222
    230 0001  235 2212  236 2211  245 0100  249 2222  252 0100  254 2111
    263 0100  264 1100  270 2212  276 0001  277 2210  279 0012  281 0011
    289 0100  297 1001  302 2212  303 2212  304 2221  305 2212  306 2222
    307 0102  308 2111  311 0001  322 0001  325 1211  333 1101  337 1001
    343 0001  345 0100  355 0100  360 1002  365 1212  366 1211  370 1112
    382 0001  383 1012  386 1222  391 0011  392 1122  400 2112  402 0001
    407 2221  415 1101  417 0002  418 1211  419 2111  430 1011  435 0001
    437 0001  440 0001  442 2122  444 2222  445 2222  465 1222  481 2222
    484 2211  488 0001  490 2222  493 0101  494 2122  495 0001  498 1122
    501 2221  502 0001  503 0011  504 2222  505 0001  510 0001  511 1011
    517 0011  521 1210  526 0001  528 2211  529 2211  530 2211  531 2211
    532 2221  534 2211  535 2222  548 0001  553 2211  560 2222  562 0102
    563 2211  564 2222  565 2222  566 2221  568 1222  569 2222  570 1222
    571 1000  572 2222  573 2222  574 2222  575 2222  576 0001  589 0010
    590 0101  605 1122  608 1222  625 0001  627 0001  636 1002  639 1100
    643 0001  646 2222  675 1100  681 2112  685 2222  707 1000  726 2222
    733 0001  737 0010  738 2222  739 2222  740 2222  741 2222  744 2222
    745 0001  746 2222  747 0001  748 2222  749 2222  779 1001  789 2210
    790 0100  793 0001  827 2222  828 0100  829 2211  847 0001  852 0100
    856 0101  857 0100  858 0001  861 0001  864 1211  865 0002  866 0001
    868 1000  869 2112  875 0001  881 0001  889 0001  891 1001  892 2212
    905 0001  918 2222  921 2222  925 1001  926 1000  933 0001  936 0100
    949 2222  950 2222  954 1220  956 1001  957 2222  958 2211  966 2221
    990 0001  991 0001 1001 0001 1024 1210 1026 2222 1027 0100 1044 1221
   1057 0100 1065 0001 1070 1100 1074 0102 1076 2222 1079 0001 1091 0002
   1120 1112 1127 0100 1135 0100 1137 0100 1139 0100 1141 0100 1156 1221
   1167 1222 1196 1211 1198 0001 1199 1000 1200 2221 1202 0010 1203 2122
   1204 2221 1207 2122 1208 2222 1209 2222 1210 1121 1211 1222 1212 2122
   1234 0002 1236 1222 1238 1220
 
QN 00052 
QU What is known about prolactin in CF patients?
NR 00002
RD  406 2222  505 0010
 
QN 00053 
QU Does secretory IgA protect CF patients against bacterial colonization
   or infection?
NR 00023
RD    1 1000   11 0002   55 1000   81 1000  160 0001  188 1000  223 1000
    228 1000  347 1100  370 0010  401 2210  432 1212  447 2220  505 1000
    509 1000  577 1110  590 1010  767 1001  917 0100  987 2221 1170 1210
   1228 0111 1229 0111
  
QN 00054 
QU What is the relationship of allergy or hypersensitivity to lung disease
   in CF patients?
NR 00062
RD   11 2222   23 0100   55 1010  187 1011  206 0100  211 2222  223 1122
    228 2222  229 2222  333 0011  341 0012  347 0012  358 2222  369 2121
    382 2222  394 2120  401 2111  402 2122  432 2222  485 2121  488 2120
    505 0011  513 1002  547 0001  550 0001  552 0101  577 2110  590 0011
    607 0100  613 1000  626 0101  631 2212  632 1122  716 1101  767 1001
    771 0100  790 0001  793 0001  806 0001  812 2122  819 2222  860 0002
    904 2212  905 0100  917 2210  941 1001  964 2222  990 1001 1003 0002
   1005 2221 1007 2122 1013 1001 1048 2122 1060 2222 1099 0100 1134 2112
   1163 2212 1164 0112 1169 1222 1171 0100 1192 0001 1237 0100
  
QN 00055 
QU What are the interactions between proteases (endogenous or bacterial
   origin) and antiproteases in the lungs of CF patients?
NR 00024
RD   70 0100  232 1100  305 0100  347 1000  358 0002  391 2110  430 0001
    432 2122  463 1100  505 1001  521 2222  530 2122  640 1010  675 1000
    749 0010  779 1010  820 1122  828 1210  847 0010  890 1001 1056 1000
   1070 1100 1156 0001 1205 2110
   
QN 00056 
QU What is the relationship between nutrition and pulmonary host defenses
   against bacterial infection in CF patients?
NR 00032
RD   55 1000   89 0110  123 0001  135 0001  181 1012  185 1001  212 1012
    288 0110  290 0110  292 0110  414 0100  424 0100  432 0100  443 0100
    450 0002  758 0100  767 2222  783 1000  794 0100  919 0100  924 0100
    925 0100  928 0100  970 0100  972 0100 1066 0100 1091 0012 1093 0001
   1102 0100 1115 0100 1234 0001 1239 0100
   
QN 00057 
QU What is the pathophysiologic role of circulating antibodies to
   Pseudomonas aeruginosa in CF patients?
NR 00051
RD    1 1222    6 0001    8 0100   11 0001   62 0010   79 0100   80 0010
     81 0010  160 1001  177 0100  178 1110  188 1010  200 0100  223 2211
    228 1000  282 0012  346 2120  369 1000  370 1110  394 1220  397 0100
    415 1000  432 2120  447 0100  513 1000  577 0010  588 2220  590 2222
    668 0010  778 1210  784 1000  790 2220  812 0101  833 1000  860 1120
    865 2110  890 0101  905 1210  983 1220  986 1120  987 1121  988 2220
    989 1010 1086 0100 1090 0100 1091 0011 1095 2110 1170 0002 1171 0002
   1173 1120 1203 1100
    
QN 00058 
QU What is the immunologic response to pulmonary infection in CF patients?
NR 00095
RD    1 2222    6 2222    7 2222   43 0100   48 1010   55 2210   60 0100
     62 2112   63 2110   80 2212   81 0002   82 2210  102 0001  111 0010
    160 2222  164 0001  178 2122  179 2110  187 2120  188 2121  200 1002
    223 2221  228 2120  229 1220  271 2210  282 1001  335 1001  346 2122
    347 2121  366 0010  369 2220  370 1100  384 1000  392 0010  394 2211
    397 0100  402 0001  415 1001  427 0001  429 0100  432 2122  447 2122
    457 0001  463 0010  485 0001  505 1120  511 0100  513 0111  517 0010
    550 0001  577 2122  588 2122  589 2110  590 2222  591 2222  609 0010
    614 2121  631 2120  668 1021  748 0010  749 0010  769 1121  778 2212
    784 1002  790 2222  805 0001  812 2212  820 0001  860 2222  865 2122
    874 1112  890 2122  903 0110  905 2220  912 0001  917 2211  964 0100
    983 2222  986 2222  987 2222  988 2222  989 2222  990 0001 1005 0001
   1025 1100 1077 2220 1086 0100 1090 0100 1091 0011 1134 0002 1170 2221
   1171 1122 1173 2222 1228 1000 1234 0001
  
QN 00059 
QU What immunologic abnormalities have been found in CF patients?
NR 00145
RD    1 0002    6 0001   11 0001   18 0101   45 0010   48 0112   55 2222
     62 0002   63 0002   67 0001   79 1000   80 0002   81 1002   84 1012
    102 2111  107 1012  110 0001  111 0100  122 1100  160 0101  164 0001
    166 0110  177 0001  179 0001  187 0002  188 0001  191 1102  200 0001
    214 2111  223 2222  228 1112  229 1222  245 0010  275 1011  279 2111
    281 0001  284 2112  306 0001  333 0001  335 0111  346 0101  347 1002
    365 2111  366 2111  369 0001  370 1011  382 0001  386 1001  392 0011
    394 2212  397 2121  401 2122  402 2222  415 0002  425 0010  427 0001
    430 0001  432 2122  442 0001  444 0001  447 0002  452 0001  465 0001
    485 1001  504 0001  505 1122  509 2112  513 1112  521 0002  524 0001
    530 0002  565 1121  572 1011  574 1011  577 2222  588 0112  590 1012
    591 0002  607 0001  608 1220  609 0100  614 0002  631 0101  668 2222
    670 1122  678 0001  679 0001  685 0010  689 2111  738 0001  748 0001
    767 2212  769 0001  778 0101  784 2122  790 2120  812 2222  820 0001
    827 1001  828 0001  833 2121  860 0102  865 2122  869 0100  874 0102
    882 0001  903 1111  905 2221  912 0001  917 0101  936 2112  937 0001
    964 0100  977 0010  983 0102  986 0102  987 0002  988 0102  989 2222
    990 0001 1005 0001 1007 0001 1025 2121 1044 1100 1056 0010 1060 0012
   1071 0001 1074 2122 1075 0001 1077 2222 1091 0011 1095 1122 1097 0001
   1102 2121 1134 0002 1143 0010 1163 1121 1170 0001 1171 1112 1172 0012  
   1173 1210 1203 1000 1205 1111 1228 0002 1232 0001
 
QN 00060 
QU What are the effects of CF on the pulmonary circulation?
NR 00034
RD   17 0101   87 0100  100 2222  155 1220  241 2112  267 0111  322 1210
    340 0002  348 2222  354 1000  370 1000  446 2220  519 1010  550 1000
    587 2120  597 2120  653 1010  698 2122  722 0001  724 0001  751 0010
    764 0001  990 1002 1000 0001 1004 2222 1040 0001 1041 1110 1043 1110
   1046 0002 1047 1110 1104 0001 1110 0012 1192 1100 1194 0001
 
QN 00061 
QU Is there a defect in mucociliary transport (clearance) in the
   respiratory tract of CF patients?
NR 00070
RD   10 1010   56 0001   62 0100   63 0100  114 0100  132 0001  187 0001
    195 2222  196 2222  197 0100  200 0002  226 0001  298 0001  347 0001
    358 0100  370 1012  383 2222  427 0001  432 1002  434 0001  437 2222
    439 0100  465 0112  481 1101  490 1120  498 0102  500 0100  501 2222
    502 2222  505 2222  511 1001  517 0001  531 2121  532 0010  535 0010
    565 0010  570 1001  590 1001  605 2222  668 0001  685 2222  726 0010
    735 0001  738 0010  739 0010  741 0010  754 2212  763 0001  767 0001
    827 0100  847 0010  864 0001  865 0001  875 0100  882 0002  912 0001
    944 0001  969 2122  980 0100  990 0002 1040 0001 1079 1122 1092 0002
   1093 0002 1098 0001 1188 0001 1207 0010 1208 0010 1234 0001 1236 0001
  
QN 00062 
QU What are the clinical features of lung disease in CF patients?
NR 00144
RD   10 0001   17 2211   24 0001   43 0100   56 1010   60 0010   62 0100
     63 1101   64 1220   69 1000   72 0001   88 0010   94 0001  110 0100
    144 1001  148 2222  155 2111  160 0001  182 0100  192 2210  193 2211
    194 2210  197 1110  200 1001  211 0100  224 0100  226 1112  237 0001
    238 0011  244 1000  267 0002  297 1001  321 1000  322 0001  330 1000
    331 1011  333 1001  340 1000  348 1002  349 1000  354 1001  358 1000
    359 0012  370 2212  372 1000  382 1001  383 1000  427 1000  429 1000
    434 0001  437 2220  438 2221  446 1000  458 0100  459 0100  460 0100
    465 0100  472 1000  473 1210  479 0100  486 0010  505 0100  537 1000
    539 0100  550 2112  551 0001  558 1010  559 0001  580 0001  586 0001
    590 0010  607 2220  643 0001  663 1010  677 0010  698 1101  703 1100
    704 0001  722 1122  724 1002  729 0001  731 0001  734 1000  735 0001
    736 1120  761 1001  763 1102  764 1001  767 0001  768 1011  783 0010
    787 1000  803 0111  804 0100  806 2122  819 1000  821 0001  822 0002
    837 1120  842 2221  843 0001  844 0002  845 0002  870 0001  879 1000
    880 0001  882 1002  885 1000  886 1000  888 1002  889 0002  904 1101
    907 2110  912 1000  913 1000  914 0100  920 0001  937 1000  941 1011
    944 1000  945 0001  964 1000  969 0100  990 1002 1000 1002 1022 0001
   1023 1002 1032 1000 1033 0001 1038 1000 1039 1000 1040 0002 1042 0001
   1071 1000 1073 2122 1080 0002 1093 0001 1104 0001 1151 1121 1192 0001
   1195 1000 1214 1210 1232 0001 1234 0101
 
QN 00063 
QU What are the biochemical or microscopic characteristics of airway
   inflammation in CF patients?
NR 00039
RD    1 0001   23 0100   62 0100   63 0100  166 0001  322 1010  347 2220
    370 0010  374 0100  429 2222  434 2110  437 0100  438 0001  463 2222
    490 0100  499 2220  500 0100  501 0100  502 0100  505 0100  592 1100
    669 0100  698 1000  704 0001  724 0001  763 0001  803 0100  805 0101
    821 0010  922 1000  976 2210  980 0100 1040 0001 1091 0010 1155 2222
   1171 2110 1192 1210 1228 2120 1229 2120
   
QN 00064 
QU How does lung function change with time in CF patients? (time periods
   greater than a day)
NR 00050
RD   17 0012   20 0002   22 2222   24 0001   64 1211  144 0101  148 0101
    155 0001  160 0001  197 0101  227 0100  267 0001  322 0001  331 0001
    349 1000  358 1000  370 1110  372 2222  382 0001  434 0001  437 2222
    472 0100  550 0002  590 0001  605 0001  606 0010  674 0010  698 0001
    703 0001  722 0010  724 0001  768 0001  814 2222  842 2222  844 0002
    882 0001  889 0002  907 0001  944 0001  963 1001 1000 0002 1033 0001
   1038 2222 1067 0001 1071 0001 1076 0001 1091 0002 1093 0002 1188 0001
   1195 2222
 
QN 00065 
QU What are the abnormalities of pulmonary function in CF patients?
NR 00094
RD   17 0012   20 2121   22 0112   24 2122   64 2222   87 1002   93 0001
    132 0001  135 0001  144 2222  148 0102  155 2122  192 2220  194 2222
    197 0102  206 1211  211 2222  224 0100  227 0001  238 0001  267 0001
    297 0001  322 0001  323 0002  331 0011  341 0012  349 2112  358 1000
    368 2112  370 1212  372 2212  383 0001  386 0001  387 2122  388 2122
    437 2222  519 0001  539 0100  543 0001  546 0001  550 0002  578 2222
    587 0001  597 0002  599 0001  606 1111  611 0001  629 0001  653 0011
    674 2122  699 2111  722 1012  736 1121  763 0001  788 0001  803 0001
    814 1002  819 0100  821 1010  833 0001  842 2222  882 0001  885 2112
    886 2112  889 0001  904 2220  913 0001  963 0001  964 1210  990 0002
   1000 0002 1006 1000 1007 1220 1038 2222 1042 0001 1045 1012 1046 2221
   1048 0101 1067 1012 1073 2222 1092 0002 1093 0001 1099 1121 1149 0001
   1150 0001 1151 1122 1153 0001 1164 0001 1188 0001 1195 1122 1214 0001
   1232 0001 1234 0002 1237 2122
  
QN 00066 
QU What are the pathologic features of lung disease in CF patients?
NR 00063
RD    1 0001   10 0001   11 0001   13 0001   17 0012   22 0002   63 0100
    100 2210  148 0012  155 0001  160 0001  166 0001  187 0100  200 1101
    267 0001  322 2222  340 2110  348 2212  350 1012  370 2212  385 0001
    427 0001  429 2222  434 2212  446 1000  463 1220  498 1000  558 0011
    590 0001  605 0001  607 0010  630 0001  698 1102  722 0002  724 0002
    731 0001  736 0002  763 1002  767 0001  771 0010  788 1000  821 1011
    837 0100  882 0002  907 1000  912 1000  913 0001  944 1002  969 0100
    976 0100  980 0100  990 0002 1004 0100 1098 0001 1104 0001 1109 0001
   1134 0001 1155 2120 1192 2222 1194 0011 1195 0001 1214 0010 1226 0001
  
QN 00067 
QU What is the prognosis for patients who have had an episode of
   respiratory failure?
NR 00014
RD   43 0100   61 0001  148 2212  354 1000  370 1012  472 1220  473 0100
    519 0100  724 1001  764 0001  842 0011  910 2120  914 2220 1234 0002
 
QN 00068 
QU What are the effects of bronchodilators in CF patients?
NR 00045
RD   11 0100   64 1000   90 1112  135 0001  195 2220  206 2121  297 0001
    327 0001  331 0001  341 1100  349 2212  358 1000  359 0001  370 1000
    437 0010  438 1220  543 2222  546 1002  550 0001  607 0001  632 0001
    734 1002  819 1000  826 0001  838 0001  882 0001  889 0002  904 1111
    913 1000  944 0001  964 2120  969 0001 1000 0001 1003 2222 1040 0001
   1046 0002 1048 1100 1093 0002 1099 2120 1134 0100 1149 0010 1150 0010
   1164 1110 1172 1000 1234 0001
   
QN 00069 
QU What is the best way to treat pneumothorax in CF patients?
NR 00015
RD  193 2222  326 0001  327 1001  359 2112  363 2122  370 1112  438 2122
    550 0001  703 2222  724 0001  837 0001  907 2222  944 1101 1000 1102
   1234 1101
 
QN 00070 
QU What is the treatment for and prognosis of hemoptysis in CF patients?
NR 00017
RD   17 0100  327 1001  340 2222  370 1112  438 1122  698 2222  722 0100
    804 2222  837 0001  944 1101  952 0100 1000 1102 1009 2222 1032 2222
   1104 2222 1232 0001 1234 1102
 
QN 00071 
QU What is the prognosis for infants with wheezing and cystic fibrosis?
NR 00006
RD   11 0010   56 1000  148 2222  327 1000  370 0001  547 0001
 
QN 00072 
QU What is the best treatment for nasal polyps in CF patients?
NR 00013
RD   58 1011  250 1000  323 2220  333 0001  682 2122  683 2120  732 2222
    733 0002  837 0001  941 0001 1000 0001 1019 0001 1125 0001
 
QN 00073 
QU How effective is bronchial lavage in CF patients?
NR 00018
RD   50 2222  224 1122  227 2222  359 2112  370 1111  438 1122  629 2220
    630 2222  724 0001  806 2110  843 2222  844 2222  990 0001 1000 0001
   1093 0002 1228 0010 1229 0010 1234 0001
 
QN 00074 
QU What are the results of mechanical ventilation in CF patients with
   respiratory failure?
NR 00007
RD  148 2220  370 1000  724 1001  910 2122  914 2222 1000 0001 1093 0002
 
QN 00075 
QU What is the best treatment for pulmonary hypertension and/or cor
   pulmonale in CF patients?
NR 00021
RD  100 1000  241 0102  273 0011  316 2222  348 1010  354 1010  359 2110
    370 1112  446 2222  519 1001  587 1010  597 1000  751 0110  757 0010
    837 0001  944 1101 1043 1000 1047 1000 1110 1012 1234 0002 1235 0100
 
QN 00076 
QU What are the effects of exercise training programs on lung function in
   CF patients?
NR 00017
RD  329 0001  330 0100  359 0101  370 0110  437 2212  438 1011  606 2222
    731 0001  882 0001  889 0001 1007 1012 1023 0001 1039 0001 1048 1010
   1080 0001 1134 0001 1188 1222
 
QN 00077 
QU What techniques are effective in promoting clearance of mucus from the
   lungs of CF patients?
NR 00082
RD   25 0101   27 2222   31 0010   50 0001   90 1212  128 0012  135 0101
    148 0001  168 0001  195 2221  197 0001  224 1122  226 0001  227 1220
    267 0001  297 0001  298 0001  321 0010  323 2222  326 0010  327 1212
    329 1012  330 0102  333 0001  359 2112  370 1112  428 0001  437 1222
    438 1222  542 1010  546 2222  550 0001  551 0001  558 0001  586 0001
    592 0110  629 2222  630 2221  663 0001  722 0002  724 0001  729 0001
    731 0002  734 2222  735 0002  754 2222  806 1000  826 0001  837 0001
    839 0001  843 2122  844 2122  845 0002  879 0001  882 0002  889 0002
    912 0001  937 0001  939 1112  941 0001  944 0002  963 1211  990 0002
   1006 2222 1012 2222 1023 0001 1034 2222 1035 2222 1040 0001 1080 0001
   1092 0002 1093 0002 1134 0001 1138 1122 1149 1112 1150 0112 1152 2122
   1153 2122 1188 0001 1220 2222 1232 0001 1234 1102
 
QN 00078 
QU What special considerations are there for treatment of CF patients with
   antibiotics (ie, are the pharmacodynamics of antibiotics different in
   CF patients, or are there other special problems peculiar to CF)?
NR 00077
RD   61 0112   65 0100   82 0001   90 0100   93 0100  135 0010  146 1002
    152 0011  159 1122  161 0010  179 0011  184 1000  188 0001  238 0100
    253 1211  255 2212  265 0001  282 0002  315 0100  320 2222  321 0100
    326 0100  330 0100  333 0100  359 0001  370 1011  373 2212  427 0101
    438 0102  451 0001  452 1122  459 1220  460 1000  479 0100  556 0101
    648 0010  663 0100  680 2222  686 1111  696 0001  718 0001  722 0001
    724 0001  731 0001  734 0001  753 0100  800 0010  802 2221  838 0100
    884 0001  889 0001  912 0100  944 0001  945 0100 1010 0011 1015 0001
   1019 0100 1021 2222 1042 0002 1065 0100 1069 0001 1071 0012 1078 0002
   1081 0011 1086 0002 1089 0002 1090 0002 1091 0112 1093 0002 1111 2222
   1112 0100 1118 0001 1179 0111 1180 0111 1181 2222 1227 1010 1234 0101
    
QN 00079 
QU What is the role of orally administered antibiotics in the treatment of
   CF patients?
NR 00043
RD   65 0100   75 1000  123 1121  132 0001  135 0101  146 0002  148 0001
    179 1000  184 1000  255 0100  315 0010  320 2220  330 0101  333 0001
    359 1011  370 1000  373 1210  384 2210  427 0100  438 1121  452 0100
    648 1211  650 2221  663 0100  826 1001  829 0001  838 0100  882 0001
    912 0100  923 1210  944 1001  945 2210 1000 0001 1010 1000 1023 0001
   1065 0100 1082 2120 1089 0001 1091 0101 1112 2222 1179 1100 1181 2222
   1234 1100
 
QN 00080 
QU What is the evidence that combination therapy with aminoglycosides and
   semisynthetic penicillins is more effective than therapy with either
   alone?
NR 00034
RD   61 1000  135 0100  152 0100  159 1100  238 1010  330 0001  333 0101
    427 0100  438 0100  451 1000  452 0100  453 0100  458 2122  459 0100
    460 2222  612 1000  663 0100  696 2220  722 0001  753 1212  800 1111
    884 1000  912 0001  945 1101 1010 1000 1042 1101 1065 0100 1071 0101
   1078 2122 1091 0100 1179 0100 1180 0100 1227 2222 1234 1101
   
QN 00081 
QU How effective are inhalations of mucolytic agents in the treatment of
   CF patients?
NR 00028
RD   31 0010   90 1011   93 0010  132 0001  135 0001  195 0001  253 0010
    321 2222  326 1011  359 0001  370 1111  438 1121  542 2120  546 2212
    550 0001  551 0001  586 0001  592 0010  729 0001  731 0001  734 2222
    941 1001  944 0001  990 0002 1092 2220 1134 0001 1232 0001 1234 0001
 
QN 00082 
QU What is the role of aerosols in the treatment of lung disease in CF
   patients?
NR 00062
RD   25 2222   31 0002   90 2222   93 2222  132 0001  135 2122  148 0001
    152 0002  159 1002  189 0001  195 0001  197 0001  238 0001  253 2112
    297 0001  321 2222  326 2222  327 1012  330 0001  331 0001  333 0001
    359 2112  370 1112  427 0001  438 2222  458 1010  542 2120  543 0012
    546 2122  550 0001  551 0001  586 0001  592 0010  722 0001  724 0001
    729 0001  731 0001  734 2122  826 1000  837 0001  845 0001  879 0001
    882 0001  889 0001  904 0001  912 0001  937 0001  941 0011  944 0101
    952 0001  963 2221  990 0001 1000 0001 1003 2220 1040 0001 1078 1000
   1092 0001 1150 0001 1188 0001 1227 0001 1232 0001 1234 1102
   
QN 00083 
QU What is the role of bacterial phagocytosis (by alveolar macrophages or
   polymorphonuclear leukocytes) in lung disease in CF patients?
NR 00032
RD   18 2121  166 2221  187 0001  238 0100  366 0100  370 1011  394 0100
    427 0100  430 0001  432 1212  447 1100  463 0001  501 0001  505 0101
    517 0001  550 0001  590 0011  609 1000  668 0001  767 0002  905 0001
    912 0001  988 0100  989 0100 1074 0100 1077 0101 1091 0100 1102 1120
   1143 1220 1170 0100 1171 0100 1203 1212
  
QN 00084 
QU What is the relationship between Haemophilus influenzae and Pseudomonas
   aeruginosa in CF patients?
NR 00016
RD    8 0102  160 2221  333 0100  346 1000  384 1000  555 1000  590 0010
    778 0010  837 0001  912 0001  922 1001  952 0100  986 1100 1086 0001
   1112 1001 1179 0001
   
QN 00085 
QU Do CF patients ever develop infection in organs other than the lung? If
   so, in what organs?
NR 00031
RD   29 1212   58 0112   88 1000   98 0001  179 0002  200 1002  202 1121
    250 0100  370 1001  427 0002  432 1000  438 0001  469 0001  475 2120
    589 1000  590 0001  724 0001  732 0001  733 0001  888 0001  912 0001
    941 0001  969 0001  982 2120  983 0100 1018 2222 1019 0100 1022 0001
   1036 0001 1065 0001 1118 2222
 
QN 00086 
QU What is the role of bacteria other than Pseudomonas aeruginosa,
   Staphylococcus aureus, or Haemophilus influenzae in the pathogenesis
   of lung disease in CF patients?
NR 00047
RD    8 2221   61 0002   85 0100  110 1211  135 0101  148 1212  152 1002
    160 0112  200 0001  238 0110  271 2212  330 0011  346 2111  370 1011
    384 1000  427 0001  505 0101  554 2222  555 0001  577 1000  586 0001
    590 2211  722 1011  731 0001  763 0101  769 1110  922 0001  944 0101
    945 0101  952 0001  983 2110  990 0002 1000 0101 1015 0001 1033 0001
   1071 0001 1077 0100 1086 0001 1090 0001 1091 0011 1112 0001 1118 0001
   1173 1100 1181 0001 1227 0001 1232 0001 1234 0001
 
QN 00087 
QU What is the role of fungi in the pathogenesis of lung disease in CF
   patients?
NR 00038
RD  187 2222  223 1001  228 2222  229 2222  333 0101  369 2222  370 1111
    382 0100  394 0001  401 1100  432 2122  438 1102  485 0001  513 0101
    550 0101  590 1012  631 1001  632 0001  668 0001  722 0001  812 0101
    819 1001  833 0001  860 1210  945 0100  990 0001 1005 2222 1007 0100
   1015 2221 1025 0100 1032 0100 1060 2120 1071 0101 1134 0101 1163 0001
   1169 0001 1180 0001 1234 0001
   
QN 00088 
QU What is the role of viral infection in the lung disease of CF patients?
NR 00014
RD  370 1011  443 0002  457 2222  590 1012  614 2220  668 0001  678 0110
    679 0110  702 0100  945 0100  990 0001 1091 1211 1134 0001 1144 0100
 
QN 00089 
QU What is the epidemiology of Pseudomonas aeruginosa in CF patients?
   Specifically, do CF patients spread Pseudomonas aeruginosa to other
   patients or to other individuals (family)?
NR 00017
RD   79 1210  152 0002  176 2221  177 0110  179 0001  260 2212  265 0002
    370 1000  469 2222  479 1000  590 0010  706 1100  778 0100  905 1210
    912 1101 1065 0100 1086 0001
   
QN 00090 
QU What factors are responsible for the appearance of mucoid strains of
   Pseudomonas aeruginosa in CF patients?
NR 00028
RD    7 1222  160 0001  161 0001  176 1222  177 2212  200 1122  260 1012
    265 2212  370 1000  451 2122  479 1120  505 0001  589 0001  590 2222
    763 0001  778 0110  874 0001  884 2222  912 1212  987 0100 1065 0100
   1071 0001 1086 1211 1089 0001 1090 1210 1091 0112 1234 0001 1238 0010
 
QN 00091 
QU What are the unusual manifestations of CF (other than lung disease or
   exocrine pancreatic insufficiency)?
NR 00304
RD    1 0001    3 0002    4 0002    8 0001    9 0001   11 0101   13 0001
     15 0102   17 0101   21 0100   29 1211   30 0100   32 0001   33 0001
     40 0002   41 0001   45 0001   46 0101   50 0001   56 0001   57 2212
     58 1212   59 1211   60 0001   69 2111   78 0001   88 2221   92 0001
     94 0001   95 2222   97 2222   98 2211  100 0002  103 1012  105 1012
    109 1012  115 1002  116 1012  118 0002  119 1012  121 0001  122 0001
    124 0001  128 0001  134 0001  135 0001  139 1211  147 0001  163 0001
    166 0001  170 0001  173 0001  174 1211  181 0001  182 2222  183 2220
    186 2220  189 0010  199 0102  202 1120  204 1210  211 0100  226 0001
    237 0001  240 2220  241 0012  242 0001  243 0001  244 0001  248 0001
    250 2122  256 0001  259 0001  261 0001  263 0001  264 0001  265 0001
    266 2212  267 2222  268 0100  272 0001  274 0100  275 0001  276 0001
    278 0001  279 0001  281 0001  283 0001  286 0001  287 0001  294 2122
    297 1001  300 0100  301 0010  314 2210  317 1220  322 2221  331 0001
    333 0001  339 1111  348 0002  351 0110  352 0110  353 2122  354 0011
    355 0010  359 1011  361 0110  362 2122  364 2220  370 2212  376 2221
    381 2221  385 1221  392 0001  395 2121  396 2211  398 0011  405 0001
    412 0002  413 2222  416 0100  422 2221  423 1100  426 0001  428 0100
    431 0001  434 1002  443 1001  454 0100  455 0100  466 1210  468 2222
    473 0001  474 2120  475 2221  478 1120  485 0100  486 0012  489 0100
    508 0101  512 0011  538 0001  545 0110  549 0100  550 1212  551 0001
    552 2112  553 0001  559 0101  562 0001  579 2110  582 0001  586 0001
    594 1211  598 2121  601 0101  603 2012  611 1210  615 2121  626 0001
    641 1111  642 0100  643 0001  648 0001  659 0100  667 0001  673 0100
    682 2210  683 2210  684 1220  688 0100  690 0101  694 0100  695 1210
    700 2222  704 0001  714 0110  719 0001  720 0102  722 2222  724 0101
    725 0001  727 0001  728 2222  729 0001  731 0002  732 2222  733 2122
    735 0001  751 0002  752 1111  756 2222  759 2122  762 0001  763 2112
    764 1102  767 0001  768 0010  770 2222  771 0001  772 0102  773 0001
    779 0001  781 2122  782 0001  784 1102  787 2122  788 0001  791 1001
    794 1000  796 1220  797 2112  798 1100  799 1110  801 2122  803 2220
    808 2122  809 0001  822 2122  833 2112  834 0100  835 0100  836 1010
    838 0001  844 0002  854 0001  859 2122  866 0001  867 0001  868 0001
    870 2221  872 0102  875 0001  880 0001  882 0001  883 0100  888 1002
    893 2122  894 0001  896 0001  897 1000  900 1120  906 0001  913 0001
    914 1000  935 0011  941 1001  944 0001  947 0001  965 2122  974 2221
    982 1001  985 1122  990 1002  992 0001  993 0001  997 2222  998 2212
   1000 2122 1018 2122 1019 0002 1023 0001 1033 0001 1040 0001 1041 0001
   1043 0002 1047 0002 1051 0001 1054 0002 1056 0002 1057 0002 1058 0002
   1063 0001 1080 0002 1085 0001 1091 0001 1093 0002 1095 2222 1097 2220
   1098 1221 1103 1000 1106 0100 1107 0100 1108 0100 1115 0001 1116 0001
   1118 2212 1119 0002 1125 1210 1134 0100 1177 2122 1184 2221 1186 0001
   1189 2222 1191 0101 1192 0001 1216 2222 1217 2222 1219 2222 1226 2222
   1232 0001 1234 1001 1235 0102
   
QN 00092 
QU What is the prognosis for survival of patients with CF?
NR 00108
RD   17 0001   43 0001  111 0001  130 1000  135 1102  136 0001  148 0002
    181 0001  185 1000  189 0001  193 1000  200 0001  213 2111  226 0012
    238 1012  258 2222  333 1002  342 0100  354 2110  370 1102  377 1010
    392 0001  429 0001  434 0100  446 0001  465 0011  472 2222  473 2221
    479 0100  489 1121  492 0001  503 0001  510 0001  514 1010  550 1100
    559 0011  586 0002  596 0001  599 2111  607 0001  611 2110  643 0001
    653 0001  661 2222  671 1000  687 1000  692 0010  705 2210  722 2222
    724 1111  729 0001  731 0002  735 0001  763 1001  764 1001  767 0001
    778 1011  783 2122  788 0100  804 0001  806 0001  822 0100  824 0001
    826 0010  837 0001  838 0001  839 0001  842 2111  845 0002  856 0001
    858 0011  859 0001  879 1122  883 0001  888 0001  889 0001  908 0100
    910 1100  914 1210  915 0100  926 0100  930 0101  934 1110  940 0001
    941 1001  944 0001  946 0001  952 2222  990 1002 1000 2122 1014 0001
   1023 0002 1031 0100 1033 1111 1040 0001 1066 0001 1071 0001 1093 0002
   1147 2222 1151 0001 1186 0001 1188 0001 1192 1100 1195 2122 1226 0001
   1227 0001 1232 1121 1234 2122

QN 00093 
QU Do CF patients have normal intelligence?
NR 00018
RD  113 2212  145 2222  180 2122  272 2222  422 0001  467 1010  489 0011
    550 0001  586 1002  722 0001  724 0001  873 0001  999 0002 1000 0002
   1020 0002 1023 0001 1033 0002 1233 0001
   
QN 00094 
QU What animal models are available which are relevant to CF?
NR 00043
RD   78 0011  114 0002  122 0001  123 0001  137 0001  192 0001  209 0011
    270 0002  277 0002  282 0001  309 2122  311 2122  322 0001  359 0001
    370 1010  400 0001  435 0001  436 0001  440 2222  442 0001  494 2222
    498 1212  504 0001  505 0001  533 0001  536 2222  571 0002  742 2222
    745 2222  789 1010  955 2122 1016 0002 1091 0002 1092 0002 1121 1122
   1143 2122 1156 1121 1158 0001 1197 2122 1199 2122 1200 0001 1204 2222
   1223 1121
     
QN 00095 
QU What abnormalities of skeletal muscle function or structure have been
   found in CF patients?
NR 00009
RD   12 0001   30 2112   43 0100  192 0002  257 1000  322 0100  603 2120
    606 2120 1097 0001
   
QN 00096 
QU Is there an increased incidence of dental problems (eg, caries or
   periodontal disease) in CF patients?
NR 00012
RD    9 0001   40 1001   43 0100   75 2212  454 2222  455 2222  520 1001
    526 0011  527 0001  673 2222  883 0010 1087 0001
   
QN 00097 
QU Is oxygen transport by red blood cells abnormal in CF patients?
NR 00011
RD   52 0100   68 1000  135 0001  140 0101  190 0001  392 0001  416 1001
    538 0001  539 2222  751 2210  757 2222
   
QN 00098 
QU What are the effects of CF on the development and/or function of the
   brain and central nervous system?
NR 00015
RD  145 2221  180 2120  270 0001  272 2210  362 0002  467 0010  595 0010
    667 0002  728 2222  782 2122  787 1011  985 2110 1018 0100 1019 1000
   1118 0101
   
QN 00099 
QU Are there abnormalities of taste in CF patients?
NR 00005
RD  268 2222  324 2222  449 2122  992 1220 1191 1001
 
QN 00100 
QU What is the incidence of and treatment for hypertrophic
   osteoarthropathy in CF patients?
NR 00011
RD   59 0101  183 2222  370 1211  579 2222  803 1100  833 0110 1000 1212
   1017 2212 1033 0001 1097 1100 1232 0101
  